0,0.64932,0.81285,0.69142,0.57011,0.68284,0.76346,0.59324,0.73738,0.75479,0.67867,0.71343,0.79269,0.48603,0.59995,0.57363,0.55956,0.72386,0.74072,0.81008,0.75007,0.67448,0.66251,0.73918,0.55918,0.71444,0.64341,0.70205,0.5578,0.69246,0.46652,0.52059,0.58096,0.76656,0.80709,0.58619,0.69431,0.7777,0.74494,0.62733,0.64171,0.69598,0.5554,0.58471,0.7847,0.80424,0.79608,0.8081,0.80211,0.35743,0.79064,0.59854,0.59605,0.68904,0.66115,0.63829,0.47418,0.48635,0.71565,0.6178,0.57114,0.8143,0.81039,0.7584,0.69975,0.71592,0.70334,0.70192,0.80443,0.56372,0.61396,0.6247,0.58609,0.73185,0.80835,0.56555,0.6851,0.81495,0.62779,0.60568,0.6289,0.69892,0.64815,0.80877,0.76536,0.80044,0.81139,0.64594,0.6382,0.48899,0.64081,0.70165,0.52096,0.5522,0.62414,0.62763,0.78817,0.65751,0.62428,0.40602,0.8074,0.75303,0.60209,0.70618,0.7127,0.68337,0.69166,0.72051,0.75061,0.60617,0.64587,0.72461,0.81364,0.65418,0.52387,0.61226,0.64202,0.5163,0.49155,0.61946,0.53481,0.78788,0.77365,0.80772,0.78997,0.78371,0.61019,0.73696,0.4855,0.71877,0.79808,0.78819,0.65979,0.78479,0.55012,0.73198,0.55593,0.66064,0.64362,0.52549,0.67558,0.6151,0.60242,0.5755,0.63509,0.58754,0.57149,0.78342,0.68936,0.7522,0.6658,0.71685,0.58276,0.78984,0.60796,0.61389,0.64206,0.50576,0.67548,0.63171,0.6703,0.8098,0.73736,0.8075,0.79212,0.78868,0.59723,0.76238,0.71904,0.60203,0.62962,0.75682,0.65249,0.68211,0.7357
0.64932,0,0.79603,0.77546,0.76909,0.23686,0.59996,0.62193,0.7657,0.81066,0.77088,0.79257,0.81071,0.73668,0.69876,0.77328,0.77041,0.79613,0.80426,0.81093,0.65563,0.76924,0.75216,0.49969,0.75147,0.69454,0.7838,0.75933,0.76844,0.79556,0.71999,0.70788,0.67993,0.77676,0.77842,0.77501,0.79589,0.80247,0.4036,0.54689,0.77159,0.79298,0.69857,0.7712,0.6707,0.80317,0.82468,0.78415,0.79846,0.5895,0.75892,0.77898,0.72946,0.81839,0.76992,0.78734,0.71709,0.6514,0.52356,0.72501,0.75333,0.80454,0.8068,0.81294,0.79415,0.69315,0.44112,0.768,0.79934,0.49525,0.70795,0.35509,0.60962,0.78286,0.807,0.47695,0.72982,0.82785,0.60766,0.70422,0.71067,0.76311,0.63647,0.81711,0.76277,0.83086,0.82504,0.72064,0.7688,0.61044,0.70515,0.45958,0.71602,0.49476,0.6742,0.6918,0.79668,0.78514,0.46961,0.69929,0.80032,0.71492,0.68585,0.61241,0.3803,0.67842,0.69008,0.7703,0.63112,0.75979,0.45034,0.51912,0.81494,0.75265,0.42606,0.6686,0.75726,0.67059,0.68894,0.69219,0.68659,0.79443,0.76116,0.78762,0.81492,0.7846,0.6851,0.68186,0.5609,0.5337,0.79692,0.77303,0.81566,0.78452,0.54909,0.33373,0.5778,0.47087,0.77618,0.73875,0.75415,0.53251,0.65256,0.67336,0.66323,0.4313,0.57494,0.76596,0.7347,0.5521,0.60007,0.69352,0.51235,0.77757,0.43384,0.74758,0.58806,0.60509,0.81116,0.72564,0.69263,0.81322,0.56355,0.79556,0.69772,0.71558,0.52079,0.57021,0.47489,0.33439,0.24981,0.55077,0.55205,0.43977,0.80483
0.81285,0.79603,0,0.83255,0.8311,0.77929,0.75667,0.82204,0.75425,0.83255,0.8291,0.83255,0.21858,0.83036,0.82773,0.82759,0.82985,0.83034,0.83255,0.15833,0.81783,0.82908,0.81258,0.76033,0.82967,0.6786,0.8317,0.82759,0.83122,0.83005,0.8238,0.82678,0.82545,0.23347,0.25429,0.82929,0.83255,0.8314,0.80464,0.81438,0.83164,0.83255,0.83156,0.82951,0.72776,0.51722,0.83255,0.18466,0.1625,0.82046,0.4004,0.82883,0.83063,0.83202,0.83024,0.83221,0.83163,0.82933,0.77461,0.83255,0.82739,0.20194,0.12963,0.83255,0.83255,0.4587,0.81321,0.82407,0.15162,0.80866,0.83025,0.79675,0.82038,0.83134,0.16049,0.80929,0.82969,0.83255,0.82378,0.83112,0.83156,0.77071,0.81386,0.19921,0.35755,0.83255,0.83255,0.83017,0.83077,0.8163,0.82472,0.81119,0.66885,0.80953,0.82431,0.82876,0.24218,0.83127,0.81121,0.81759,0.17071,0.82913,0.82698,0.78339,0.79914,0.82757,0.82767,0.83255,0.75174,0.83109,0.79604,0.75388,0.16262,0.82942,0.80666,0.82558,0.83016,0.80919,0.82159,0.82578,0.82173,0.21252,0.23033,0.13238,0.28579,0.45119,0.82349,0.82099,0.81841,0.80696,0.16381,0.24734,0.83255,0.83121,0.81828,0.8107,0.82374,0.77744,0.83134,0.83085,0.83143,0.80752,0.83036,0.82635,0.81693,0.80737,0.82144,0.36349,0.81749,0.74253,0.81923,0.83255,0.81534,0.23283,0.80834,0.83068,0.825,0.81627,0.83255,0.83163,0.74509,0.16468,0.71717,0.14809,0.64842,0.25084,0.80428,0.78106,0.79009,0.81015,0.79629,0.767,0.81301,0.76794,0.83255
0.69142,0.77546,0.83255,0,0.76128,0.78109,0.8171,0.77253,0.8113,0.80165,0.76636,0.77611,0.81728,0.74109,0.78251,0.74784,0.7695,0.79104,0.79477,0.83213,0.80163,0.76181,0.75633,0.81257,0.73595,0.81228,0.77344,0.50037,0.74182,0.79899,0.71741,0.70495,0.74002,0.82688,0.83255,0.75427,0.78902,0.79686,0.81847,0.78507,0.77493,0.76548,0.75704,0.75652,0.82335,0.82978,0.80211,0.83255,0.82902,0.68172,0.83008,0.75659,0.78256,0.77906,0.78078,0.75342,0.65253,0.59467,0.78291,0.76075,0.73496,0.83255,0.83129,0.82711,0.80885,0.81241,0.80272,0.79358,0.8297,0.71947,0.76727,0.7302,0.66563,0.79595,0.83255,0.74562,0.76254,0.82685,0.75714,0.75189,0.76281,0.79278,0.73746,0.82819,0.82777,0.82439,0.83255,0.58239,0.78147,0.70921,0.75645,0.83255,0.74106,0.71112,0.76945,0.78435,0.82585,0.77153,0.76378,0.62852,0.83038,0.80703,0.76866,0.78398,0.78419,0.74789,0.78921,0.78395,0.80766,0.78928,0.75911,0.78029,0.83242,0.79738,0.73405,0.75689,0.65465,0.7226,0.74304,0.76497,0.7385,0.82469,0.82532,0.83195,0.82316,0.82437,0.32066,0.79887,0.7179,0.77887,0.83004,0.8258,0.7843,0.43627,0.71171,0.80226,0.75226,0.7655,0.78019,0.7685,0.79951,0.76943,0.77644,0.76766,0.6974,0.75323,0.69569,0.82729,0.78201,0.81389,0.78522,0.81021,0.70372,0.82711,0.77178,0.77169,0.76328,0.66091,0.77271,0.66766,0.79698,0.83087,0.81042,0.83255,0.82694,0.83076,0.76426,0.81054,0.79874,0.76292,0.75457,0.807,0.76153,0.78845,0.79216
0.57011,0.76909,0.8311,0.76128,0,0.78994,0.81412,0.69392,0.75484,0.63454,0.57471,0.68708,0.81692,0.55265,0.67375,0.58472,0.47273,0.69427,0.71181,0.82885,0.78679,0.58151,0.65889,0.80474,0.59159,0.79017,0.39955,0.77632,0.5364,0.6216,0.47692,0.66736,0.68672,0.80833,0.83039,0.58639,0.52048,0.79285,0.79768,0.74431,0.46313,0.73664,0.66348,0.57464,0.82268,0.82591,0.7226,0.82866,0.82157,0.62775,0.82603,0.59661,0.67689,0.66509,0.45585,0.45141,0.63523,0.68846,0.77948,0.54771,0.53663,0.83255,0.82902,0.78513,0.74817,0.7783,0.79949,0.70281,0.82306,0.75161,0.69471,0.75742,0.76243,0.67942,0.82764,0.73583,0.73382,0.80768,0.70057,0.72115,0.56403,0.74972,0.78524,0.82154,0.8201,0.81083,0.81755,0.72174,0.43718,0.64782,0.70273,0.77686,0.51018,0.74548,0.66143,0.65858,0.82005,0.45395,0.74791,0.66998,0.82809,0.79851,0.60383,0.75737,0.7991,0.75199,0.74964,0.67337,0.80111,0.6306,0.75138,0.80098,0.82936,0.67753,0.69352,0.66847,0.72882,0.5516,0.50246,0.6253,0.71174,0.80237,0.81351,0.83063,0.82213,0.82042,0.72439,0.8113,0.71971,0.80688,0.81978,0.82141,0.64281,0.80133,0.7122,0.80443,0.68993,0.78158,0.42231,0.50949,0.70969,0.76423,0.67587,0.63416,0.78095,0.74339,0.71523,0.82182,0.70048,0.81228,0.73784,0.7075,0.74151,0.82527,0.73398,0.60294,0.74442,0.71795,0.67498,0.75398,0.78053,0.82678,0.8096,0.82984,0.82398,0.82555,0.70419,0.80729,0.80218,0.74203,0.77092,0.81649,0.77464,0.78144,0.71288
0.68284,0.23686,0.77929,0.78109,0.78994,0,0.52255,0.67279,0.7699,0.82263,0.78401,0.80363,0.80473,0.75612,0.72851,0.78393,0.78699,0.80404,0.816,0.80634,0.67717,0.78438,0.76731,0.44887,0.7621,0.71623,0.80199,0.76752,0.78658,0.80669,0.73753,0.72823,0.71125,0.77176,0.74703,0.77888,0.80936,0.81245,0.48743,0.60649,0.79264,0.80448,0.73451,0.78363,0.60943,0.80028,0.83087,0.76515,0.79246,0.62641,0.74207,0.78919,0.75629,0.82168,0.78856,0.80196,0.74581,0.67801,0.47103,0.76357,0.765,0.7944,0.79894,0.8177,0.80421,0.70792,0.48168,0.77303,0.79033,0.51454,0.74129,0.32947,0.62148,0.7973,0.80036,0.53134,0.75515,0.83073,0.66703,0.73883,0.73979,0.76762,0.65479,0.81403,0.76536,0.8304,0.82705,0.73978,0.79095,0.63858,0.73372,0.49853,0.73351,0.52547,0.71395,0.73119,0.79432,0.80233,0.51784,0.7156,0.7928,0.74003,0.7258,0.58777,0.33034,0.70743,0.71665,0.79246,0.55623,0.78285,0.46721,0.41194,0.81026,0.7758,0.48456,0.70954,0.76977,0.68069,0.70896,0.7128,0.70628,0.79285,0.74997,0.7681,0.81443,0.78391,0.69521,0.68587,0.6033,0.52873,0.79305,0.75559,0.81977,0.79052,0.58342,0.38992,0.61615,0.3886,0.79511,0.76511,0.78071,0.55021,0.69256,0.71578,0.64283,0.41801,0.58736,0.7594,0.74076,0.4748,0.65156,0.74024,0.55191,0.7742,0.47496,0.77295,0.62443,0.60378,0.81456,0.7465,0.70653,0.80923,0.45913,0.78363,0.65073,0.68608,0.53525,0.52834,0.44243,0.43038,0.28375,0.49963,0.5616,0.39865,0.81124
0.76346,0.59996,0.75667,0.8171,0.81412,0.52255,0,0.7621,0.79132,0.82666,0.80238,0.81829,0.79361,0.80291,0.79018,0.80735,0.81376,0.81666,0.82522,0.79857,0.74793,0.8055,0.79871,0.35941,0.80021,0.77123,0.81875,0.80244,0.8141,0.8214,0.78399,0.78828,0.77683,0.76984,0.69474,0.80613,0.82383,0.82488,0.67801,0.72731,0.81554,0.82044,0.79262,0.8082,0.46053,0.78997,0.83077,0.73676,0.78226,0.74028,0.72027,0.80923,0.80074,0.82706,0.81455,0.8192,0.80118,0.78156,0.45865,0.80858,0.7955,0.77746,0.78784,0.82644,0.82085,0.75237,0.64734,0.7738,0.77857,0.68003,0.79107,0.58753,0.73339,0.81439,0.79047,0.65475,0.79899,0.83209,0.76723,0.79564,0.79235,0.79609,0.72766,0.80819,0.78098,0.83189,0.82947,0.79622,0.814,0.76089,0.78883,0.73167,0.77333,0.66906,0.77781,0.78542,0.78991,0.81995,0.69099,0.77946,0.78284,0.7886,0.78637,0.54129,0.54212,0.77545,0.78568,0.81854,0.26118,0.81251,0.56198,0.42762,0.80238,0.80773,0.65115,0.77596,0.8093,0.75887,0.76081,0.76846,0.7684,0.7883,0.75187,0.74743,0.80961,0.78048,0.76519,0.74388,0.72622,0.6805,0.79037,0.74009,0.82638,0.81659,0.71314,0.61705,0.73831,0.54851,0.81457,0.80751,0.81152,0.69211,0.74752,0.78293,0.74362,0.66727,0.72364,0.75081,0.76466,0.24987,0.754,0.80854,0.70766,0.78526,0.59236,0.80451,0.73826,0.73448,0.8274,0.79917,0.76384,0.80198,0.38353,0.76509,0.57898,0.65136,0.57385,0.44161,0.36257,0.63744,0.57682,0.37506,0.66606,0.34689,0.82496
0.59324,0.62193,0.82204,0.77253,0.69392,0.67279,0.7621,0,0.76667,0.79615,0.7628,0.76652,0.82344,0.72249,0.3859,0.76387,0.7289,0.78953,0.77972,0.8222,0.59351,0.75475,0.74159,0.73718,0.76272,0.72266,0.6958,0.76969,0.7425,0.74516,0.72522,0.71935,0.56483,0.79871,0.82098,0.77887,0.71298,0.75394,0.71332,0.55501,0.67012,0.72949,0.45956,0.76083,0.78503,0.81755,0.82524,0.81863,0.81856,0.57794,0.80302,0.76726,0.44812,0.81362,0.66159,0.73399,0.57269,0.70383,0.7187,0.55355,0.7561,0.82418,0.82247,0.73755,0.70994,0.6856,0.70832,0.79293,0.81767,0.59044,0.52976,0.6765,0.7095,0.76155,0.82275,0.51628,0.5644,0.82305,0.43683,0.51358,0.69321,0.77878,0.71523,0.82448,0.78624,0.8312,0.82507,0.68111,0.65712,0.68614,0.57619,0.75828,0.70293,0.63281,0.45503,0.40176,0.80397,0.70029,0.61744,0.72078,0.81862,0.71614,0.49306,0.76485,0.68426,0.56158,0.50938,0.65417,0.76993,0.5022,0.50003,0.73954,0.82492,0.63986,0.54768,0.3648,0.78756,0.70391,0.72052,0.71672,0.70529,0.81206,0.79479,0.81808,0.82078,0.80298,0.69937,0.77294,0.62057,0.7414,0.80817,0.81203,0.81693,0.78025,0.59333,0.70754,0.59358,0.69442,0.68606,0.70794,0.42657,0.59574,0.49272,0.31489,0.75681,0.58042,0.62332,0.79785,0.77213,0.74622,0.58865,0.66433,0.60315,0.80428,0.55519,0.7353,0.69625,0.67698,0.81107,0.73432,0.73042,0.82309,0.73725,0.82012,0.79157,0.78357,0.65666,0.72731,0.71494,0.52906,0.63301,0.75286,0.70204,0.68217,0.7539
0.73738,0.7657,0.75425,0.8113,0.75484,0.7699,0.79132,0.76667,0,0.81935,0.79319,0.80177,0.75598,0.76773,0.77557,0.77021,0.7657,0.80014,0.80842,0.75135,0.80098,0.78602,0.7678,0.78285,0.77499,0.76284,0.78505,0.80203,0.76037,0.75181,0.74986,0.73218,0.7649,0.72186,0.76168,0.77143,0.79716,0.80057,0.7993,0.76437,0.78599,0.8064,0.78101,0.76705,0.79025,0.76124,0.82671,0.74631,0.74965,0.75805,0.75371,0.76876,0.78657,0.80442,0.78679,0.79071,0.78027,0.77192,0.78558,0.78328,0.76773,0.76074,0.75291,0.82085,0.81001,0.71255,0.79342,0.80483,0.7495,0.76563,0.78547,0.75452,0.77541,0.80092,0.74536,0.76409,0.78351,0.82783,0.77413,0.79202,0.7829,0.27996,0.80105,0.75274,0.74882,0.82725,0.82961,0.78907,0.77792,0.7724,0.77252,0.80416,0.55877,0.76692,0.7693,0.77234,0.74102,0.79024,0.76909,0.75866,0.75415,0.80107,0.76694,0.7881,0.77871,0.7833,0.79413,0.8036,0.78749,0.78913,0.77393,0.7893,0.75324,0.71695,0.7533,0.77294,0.78072,0.5786,0.76226,0.77847,0.77511,0.73655,0.7099,0.75198,0.76442,0.751,0.77844,0.80732,0.76325,0.79034,0.73767,0.75158,0.79159,0.81834,0.75509,0.79068,0.73916,0.76128,0.78361,0.73622,0.7991,0.77422,0.79307,0.7655,0.78467,0.75659,0.76533,0.74301,0.79035,0.78347,0.76364,0.80953,0.76037,0.75462,0.75288,0.77638,0.77691,0.75516,0.80662,0.80017,0.74854,0.74831,0.77479,0.75692,0.77069,0.74773,0.76732,0.79805,0.78699,0.76809,0.76176,0.79366,0.78177,0.77456,0.81453
0.75479,0.81066,0.83255,0.80165,0.63454,0.82263,0.82666,0.79615,0.81935,0,0.5733,0.64001,0.83255,0.74725,0.77673,0.76749,0.72955,0.73379,0.70356,0.8323,0.8271,0.30245,0.60734,0.82439,0.78343,0.81642,0.57046,0.8209,0.71906,0.76918,0.71057,0.79871,0.77603,0.82866,0.83255,0.77647,0.67688,0.82962,0.819,0.80485,0.62048,0.81214,0.77072,0.76701,0.83096,0.83193,0.33532,0.83255,0.82306,0.75834,0.83207,0.77567,0.78244,0.80164,0.62519,0.63494,0.76207,0.76178,0.80807,0.65585,0.71292,0.83255,0.83159,0.82726,0.80841,0.82019,0.82216,0.78171,0.83255,0.80461,0.78132,0.80673,0.816,0.68696,0.83255,0.80095,0.79838,0.81444,0.77696,0.80061,0.66317,0.81686,0.82954,0.82427,0.83088,0.83255,0.82846,0.80245,0.63481,0.79227,0.77929,0.80812,0.71348,0.80156,0.75812,0.76195,0.83049,0.62404,0.80632,0.79735,0.83255,0.82489,0.7387,0.79468,0.82618,0.80336,0.80207,0.73565,0.83255,0.76304,0.80833,0.82273,0.83244,0.76418,0.78124,0.77175,0.76349,0.72485,0.69717,0.72526,0.80682,0.82126,0.83255,0.83255,0.83255,0.82987,0.8067,0.83255,0.80536,0.82442,0.8304,0.83068,0.80397,0.82972,0.78864,0.82352,0.79472,0.81938,0.61865,0.75595,0.7901,0.80111,0.7876,0.75919,0.82612,0.80229,0.79276,0.83016,0.76176,0.82642,0.7989,0.77393,0.80151,0.83064,0.79109,0.67203,0.8217,0.80548,0.81379,0.81033,0.82084,0.83005,0.82554,0.83134,0.8306,0.83111,0.76612,0.82908,0.82135,0.79662,0.81305,0.8286,0.81685,0.81399,0.77245
0.67867,0.77088,0.8291,0.76636,0.57471,0.78401,0.80238,0.7628,0.79319,0.5733,0,0.68576,0.82427,0.65721,0.75813,0.70241,0.6226,0.59999,0.68332,0.83035,0.79627,0.50531,0.57395,0.79543,0.68071,0.80152,0.5202,0.79658,0.63226,0.73707,0.55949,0.73341,0.73305,0.81425,0.82766,0.66447,0.63528,0.81249,0.7556,0.75943,0.63706,0.78956,0.75254,0.68967,0.81047,0.82724,0.61129,0.82737,0.81887,0.7198,0.82397,0.7153,0.76458,0.74954,0.59861,0.57984,0.73107,0.73082,0.77152,0.64578,0.44559,0.83007,0.82921,0.81704,0.79594,0.80242,0.79392,0.57065,0.82596,0.76717,0.75105,0.74516,0.77419,0.71102,0.83046,0.76,0.77892,0.74309,0.752,0.77119,0.52845,0.78724,0.80019,0.81858,0.81978,0.80654,0.73989,0.76569,0.58459,0.70906,0.75138,0.80424,0.61822,0.75755,0.74006,0.74787,0.82608,0.6017,0.76235,0.72699,0.82784,0.79915,0.71638,0.73009,0.79274,0.77199,0.79779,0.74631,0.79762,0.73903,0.76844,0.77916,0.83097,0.75268,0.73185,0.74154,0.73557,0.61203,0.60889,0.51305,0.74507,0.80153,0.81937,0.82963,0.8258,0.82301,0.75354,0.81377,0.74749,0.79196,0.82585,0.82055,0.73316,0.81153,0.75121,0.79165,0.73218,0.77806,0.60271,0.60527,0.786,0.79259,0.75574,0.73779,0.78592,0.76686,0.74776,0.82176,0.51977,0.79957,0.76396,0.71235,0.76253,0.82624,0.75069,0.54635,0.76743,0.75008,0.74621,0.77371,0.79057,0.82755,0.79798,0.82653,0.81645,0.81475,0.71471,0.79831,0.79077,0.76329,0.7734,0.80118,0.77489,0.77922,0.773
0.71343,0.79257,0.83255,0.77611,0.68708,0.80363,0.81829,0.76652,0.80177,0.64001,0.68576,0,0.82501,0.72062,0.76971,0.7325,0.68822,0.7522,0.68276,0.83096,0.8082,0.5708,0.6135,0.81232,0.72233,0.80205,0.68857,0.80713,0.68458,0.76275,0.69416,0.76874,0.66609,0.82021,0.83111,0.74085,0.73283,0.81423,0.81667,0.78131,0.69732,0.73346,0.75158,0.73372,0.8238,0.82878,0.61889,0.83155,0.82036,0.74204,0.82879,0.74114,0.76873,0.77242,0.71407,0.71013,0.74499,0.73254,0.78682,0.61029,0.71743,0.83255,0.83041,0.81325,0.78953,0.80387,0.80983,0.79282,0.83013,0.78402,0.77443,0.78965,0.79531,0.54732,0.83173,0.77949,0.7875,0.81381,0.76979,0.76645,0.68858,0.79707,0.81874,0.82065,0.82449,0.80842,0.82931,0.78775,0.71094,0.76516,0.76769,0.81329,0.69611,0.7759,0.7594,0.76602,0.82711,0.71144,0.78636,0.76585,0.82973,0.8115,0.7488,0.78764,0.7981,0.77969,0.79546,0.65801,0.81701,0.75962,0.77843,0.8145,0.83158,0.77623,0.76193,0.76433,0.77098,0.69227,0.69744,0.7491,0.7747,0.82111,0.8242,0.83179,0.82883,0.82516,0.7838,0.81848,0.77721,0.81541,0.82747,0.82775,0.77273,0.82619,0.77082,0.81212,0.77842,0.80222,0.7083,0.74261,0.79126,0.79457,0.76886,0.74477,0.8092,0.78819,0.76198,0.82474,0.7757,0.8157,0.77362,0.80396,0.78625,0.82852,0.77142,0.71555,0.77775,0.7748,0.76696,0.77636,0.80439,0.82865,0.8132,0.83098,0.82445,0.8256,0.76469,0.8148,0.81182,0.77559,0.79644,0.81802,0.80028,0.79652,0.78055
0.79269,0.81071,0.21858,0.81728,0.81692,0.80473,0.79361,0.82344,0.75598,0.83255,0.82427,0.82501,0,0.81084,0.82875,0.80537,0.80959,0.82308,0.8265,0.17431,0.82408,0.82337,0.80812,0.79032,0.80796,0.64514,0.82611,0.81742,0.8107,0.82219,0.80327,0.81512,0.82166,0.25578,0.31918,0.80878,0.8292,0.82765,0.81362,0.81975,0.82339,0.82493,0.82877,0.80664,0.7716,0.49661,0.83255,0.24008,0.19613,0.81274,0.4128,0.80618,0.82959,0.8101,0.82791,0.81969,0.8181,0.81571,0.80414,0.82916,0.81244,0.17681,0.18898,0.83119,0.83149,0.44536,0.82531,0.82256,0.19654,0.81416,0.82956,0.80948,0.81998,0.82842,0.20402,0.81736,0.82822,0.83255,0.82642,0.82736,0.82444,0.75428,0.82347,0.20396,0.37641,0.8292,0.83255,0.82184,0.82493,0.81205,0.82297,0.82545,0.65158,0.8141,0.82366,0.82703,0.22676,0.8242,0.81752,0.79525,0.20126,0.83095,0.82433,0.8028,0.81861,0.82815,0.83255,0.82935,0.78077,0.82796,0.81354,0.79069,0.18061,0.82838,0.80914,0.82592,0.82674,0.79707,0.81084,0.82003,0.81444,0.22454,0.26387,0.24758,0.24908,0.42751,0.81505,0.82689,0.81668,0.81973,0.19222,0.28344,0.80648,0.82575,0.81925,0.82134,0.81997,0.79768,0.82419,0.81774,0.83222,0.82255,0.83059,0.82175,0.81781,0.82212,0.81869,0.36268,0.81833,0.78236,0.82233,0.8285,0.81763,0.25566,0.8213,0.82484,0.82234,0.81678,0.80784,0.82773,0.73749,0.1817,0.76939,0.19936,0.7017,0.33168,0.81916,0.80619,0.81101,0.82041,0.8107,0.79878,0.82285,0.79706,0.8289
0.48603,0.73668,0.83036,0.74109,0.55265,0.75612,0.80291,0.72249,0.76773,0.74725,0.65721,0.72062,0.81084,0,0.72653,0.37177,0.39454,0.71651,0.74804,0.82964,0.7863,0.68074,0.68476,0.79114,0.36294,0.77138,0.64592,0.77314,0.44304,0.62565,0.36138,0.63013,0.68784,0.80139,0.8252,0.39284,0.68356,0.78285,0.77665,0.70071,0.68057,0.67286,0.7127,0.39698,0.81293,0.82584,0.79341,0.82834,0.82186,0.59956,0.82191,0.41475,0.73928,0.50217,0.66885,0.64167,0.66532,0.65534,0.7614,0.6812,0.50351,0.83255,0.82909,0.80899,0.77455,0.77785,0.75625,0.71554,0.82372,0.70344,0.72895,0.71917,0.72363,0.75986,0.82907,0.71299,0.75232,0.81236,0.72376,0.73325,0.66615,0.72574,0.76651,0.82211,0.80746,0.75729,0.81762,0.72334,0.66655,0.55125,0.71197,0.75675,0.50875,0.71072,0.70954,0.7263,0.81834,0.651,0.72458,0.59652,0.82598,0.7746,0.69042,0.73084,0.76944,0.74713,0.76403,0.77103,0.78128,0.72699,0.72905,0.77928,0.83036,0.73244,0.66357,0.71997,0.71719,0.48595,0.49228,0.66575,0.68371,0.8035,0.81338,0.83005,0.81528,0.81731,0.7106,0.7937,0.66722,0.77294,0.82148,0.81304,0.50328,0.8085,0.69442,0.77588,0.67328,0.74534,0.66454,0.50987,0.77261,0.73146,0.72361,0.71204,0.73077,0.71427,0.68945,0.81805,0.72195,0.79761,0.72393,0.68804,0.71208,0.82228,0.69569,0.6512,0.71021,0.64863,0.51745,0.73772,0.76356,0.8271,0.79029,0.8308,0.81635,0.81125,0.70417,0.79071,0.78217,0.72363,0.7351,0.79813,0.7411,0.76183,0.77361
0.59995,0.69876,0.82773,0.78251,0.67375,0.72851,0.79018,0.3859,0.77557,0.77673,0.75813,0.76971,0.82875,0.72653,0,0.76231,0.73239,0.7866,0.77345,0.82809,0.71065,0.74853,0.74323,0.77319,0.76539,0.76384,0.67312,0.77928,0.73926,0.73876,0.72779,0.73216,0.60498,0.81058,0.82569,0.78059,0.69225,0.75974,0.77639,0.64983,0.63862,0.76648,0.40868,0.76162,0.80472,0.82383,0.81924,0.82517,0.82466,0.56984,0.81618,0.76498,0.36661,0.81083,0.6282,0.71233,0.56157,0.72432,0.75315,0.57691,0.75472,0.82988,0.82804,0.73406,0.69929,0.73247,0.75592,0.79624,0.82445,0.63102,0.52681,0.72414,0.73497,0.75979,0.82903,0.59382,0.53489,0.82143,0.49011,0.56114,0.69096,0.78805,0.75062,0.82764,0.80731,0.83069,0.82739,0.70107,0.62498,0.70605,0.58193,0.78292,0.70754,0.68303,0.46084,0.34678,0.81443,0.67432,0.6757,0.73373,0.82544,0.75845,0.47713,0.79115,0.7447,0.61565,0.52406,0.6514,0.7955,0.46273,0.61144,0.76947,0.82963,0.58797,0.60104,0.37822,0.79543,0.71611,0.72064,0.71661,0.72607,0.81853,0.80998,0.82615,0.82739,0.81373,0.71738,0.79783,0.67647,0.77748,0.81557,0.82185,0.81897,0.7975,0.60106,0.76508,0.66047,0.73343,0.65387,0.72196,0.27344,0.60645,0.54407,0.29129,0.77097,0.60912,0.62406,0.81163,0.77908,0.78119,0.66521,0.62527,0.63699,0.81796,0.63867,0.74471,0.74521,0.69736,0.81358,0.74036,0.76117,0.82818,0.76713,0.82818,0.8096,0.80545,0.67677,0.76368,0.76128,0.61311,0.69598,0.78859,0.74257,0.72879,0.73989
0.57363,0.77328,0.82759,0.74784,0.58472,0.78393,0.80735,0.76387,0.77021,0.76749,0.70241,0.7325,0.80537,0.37177,0.76231,0,0.40864,0.7288,0.76291,0.8267,0.79913,0.70091,0.70983,0.80393,0.33915,0.8031,0.70327,0.77622,0.41709,0.64226,0.40991,0.67401,0.71542,0.80345,0.82597,0.28751,0.74091,0.80621,0.8062,0.76322,0.71765,0.62743,0.75208,0.21742,0.81557,0.8242,0.80104,0.82569,0.8194,0.64614,0.82078,0.1605,0.76551,0.32646,0.73259,0.66995,0.69668,0.69498,0.78176,0.72722,0.54633,0.82939,0.82618,0.81407,0.78948,0.80149,0.79991,0.73649,0.82022,0.76194,0.7671,0.75039,0.7542,0.76601,0.82638,0.76084,0.78249,0.81797,0.77054,0.77022,0.70779,0.73526,0.79485,0.82092,0.81723,0.78469,0.82181,0.74697,0.70768,0.62317,0.76348,0.79194,0.53479,0.74684,0.75713,0.76103,0.82197,0.71292,0.7576,0.65139,0.82552,0.80646,0.73518,0.75648,0.78878,0.78296,0.80246,0.78645,0.7885,0.75303,0.77716,0.7963,0.82778,0.75428,0.71831,0.75846,0.72984,0.51266,0.5605,0.69775,0.71035,0.80439,0.81119,0.82677,0.81888,0.81822,0.72925,0.80942,0.72544,0.79612,0.82087,0.81064,0.42083,0.81007,0.73967,0.79672,0.73266,0.7723,0.70909,0.60354,0.79333,0.78763,0.77059,0.75184,0.75628,0.75984,0.72579,0.81748,0.73577,0.80595,0.76578,0.78017,0.75688,0.82197,0.75762,0.69307,0.7434,0.71477,0.4041,0.76778,0.77881,0.82454,0.80149,0.82758,0.81767,0.81924,0.74453,0.81467,0.79591,0.77144,0.77315,0.80765,0.76943,0.78497,0.78476
0.55956,0.77041,0.82985,0.7695,0.47273,0.78699,0.81376,0.7289,0.7657,0.72955,0.6226,0.68822,0.80959,0.39454,0.73239,0.40864,0,0.68726,0.7327,0.82769,0.78205,0.63983,0.67961,0.80803,0.38185,0.78465,0.59502,0.78935,0.4,0.50031,0.34717,0.65993,0.70014,0.8006,0.82961,0.35494,0.65782,0.80705,0.80747,0.73637,0.63528,0.68944,0.72492,0.34322,0.82034,0.82589,0.76307,0.82944,0.82026,0.66857,0.82347,0.40746,0.73071,0.48634,0.64885,0.59292,0.68926,0.70553,0.78006,0.64136,0.47357,0.83255,0.82754,0.79657,0.77477,0.78344,0.78537,0.72272,0.82054,0.76276,0.74236,0.75836,0.76336,0.72394,0.82699,0.75452,0.77736,0.794,0.7531,0.74381,0.63608,0.74148,0.78924,0.81898,0.81012,0.75895,0.79722,0.74097,0.60736,0.59982,0.7467,0.78814,0.47059,0.75037,0.72781,0.72487,0.82146,0.62861,0.75747,0.64559,0.8265,0.79049,0.68775,0.74966,0.79254,0.77825,0.78666,0.74822,0.78867,0.70182,0.76189,0.80856,0.82901,0.73316,0.70953,0.73376,0.73435,0.48929,0.51943,0.68135,0.70816,0.80869,0.80972,0.82842,0.8173,0.81962,0.74385,0.80391,0.70866,0.79821,0.82182,0.81639,0.45989,0.81291,0.74026,0.79936,0.69976,0.77839,0.62209,0.46311,0.76499,0.78787,0.73765,0.7018,0.76736,0.76338,0.73373,0.81947,0.72725,0.81036,0.73584,0.74857,0.76235,0.82173,0.7433,0.62669,0.73913,0.71526,0.48993,0.77228,0.77418,0.82591,0.80557,0.82685,0.82261,0.81602,0.74028,0.81357,0.8003,0.7593,0.77432,0.8125,0.76897,0.78677,0.76571
0.72386,0.79613,0.83034,0.79104,0.69427,0.80404,0.81666,0.78953,0.80014,0.73379,0.59999,0.7522,0.82308,0.71651,0.7866,0.7288,0.68726,0,0.76879,0.83022,0.80184,0.66641,0.72412,0.81426,0.73174,0.81408,0.64926,0.80442,0.7199,0.76194,0.67136,0.76529,0.76241,0.81697,0.83124,0.70515,0.73861,0.81722,0.81232,0.79125,0.71854,0.79691,0.78051,0.72049,0.82171,0.82872,0.71226,0.82925,0.82352,0.75385,0.82664,0.73076,0.78705,0.76875,0.71413,0.68813,0.76203,0.75781,0.80297,0.66242,0.6856,0.8316,0.8302,0.81936,0.80053,0.8144,0.81385,0.75627,0.82604,0.79539,0.78279,0.77852,0.78671,0.74525,0.83024,0.79061,0.80155,0.36973,0.79061,0.79224,0.69929,0.79031,0.80783,0.82668,0.82532,0.81865,0.3745,0.78694,0.70729,0.76167,0.78231,0.80884,0.70633,0.7852,0.77782,0.78153,0.8277,0.71656,0.7887,0.75872,0.82927,0.8172,0.76288,0.77174,0.80921,0.80049,0.81438,0.77583,0.80516,0.76831,0.79577,0.80529,0.83073,0.77932,0.76969,0.77957,0.75708,0.70272,0.70693,0.72175,0.75981,0.81356,0.82298,0.83038,0.82501,0.82464,0.77686,0.81867,0.77225,0.80825,0.82656,0.82128,0.76575,0.82066,0.78033,0.80998,0.77594,0.79924,0.70948,0.67906,0.80373,0.81395,0.79053,0.77169,0.79128,0.79323,0.77612,0.82499,0.7405,0.81497,0.79055,0.79244,0.78962,0.82849,0.7905,0.71395,0.78305,0.77464,0.77186,0.78883,0.80141,0.82852,0.81311,0.82992,0.82364,0.8256,0.77048,0.82141,0.80954,0.79314,0.79828,0.81546,0.78834,0.80182,0.79332
0.74072,0.80426,0.83255,0.79477,0.71181,0.816,0.82522,0.77972,0.80842,0.70356,0.68332,0.68276,0.8265,0.74804,0.77345,0.76291,0.7327,0.76879,0,0.83136,0.8145,0.67854,0.5244,0.82395,0.76736,0.81224,0.7039,0.81002,0.68948,0.77269,0.72174,0.77978,0.76674,0.82145,0.83126,0.76638,0.73018,0.81844,0.82184,0.79128,0.70722,0.80665,0.76176,0.75849,0.82943,0.83026,0.72936,0.83255,0.82224,0.75708,0.83098,0.76943,0.7729,0.79353,0.72902,0.70684,0.7503,0.7678,0.80727,0.6827,0.73235,0.83255,0.83044,0.8162,0.79965,0.81121,0.81643,0.79402,0.82959,0.80038,0.77363,0.8034,0.80332,0.6752,0.83255,0.79164,0.79216,0.813,0.78046,0.77749,0.69402,0.80366,0.82416,0.81968,0.82707,0.82587,0.807,0.78738,0.70998,0.78304,0.77453,0.81777,0.70997,0.79037,0.76827,0.76567,0.82548,0.72433,0.79734,0.75766,0.83044,0.81631,0.75028,0.80124,0.81935,0.80057,0.79999,0.71437,0.8242,0.7627,0.79961,0.82434,0.8319,0.76461,0.77481,0.77063,0.78687,0.69139,0.72196,0.75381,0.78847,0.82263,0.82778,0.83255,0.82518,0.82827,0.78871,0.8294,0.78539,0.82299,0.82853,0.82855,0.77971,0.82322,0.78504,0.81995,0.77853,0.81237,0.71409,0.74232,0.78579,0.8059,0.78816,0.75102,0.81293,0.79859,0.78829,0.82802,0.78088,0.8237,0.78698,0.79267,0.79668,0.83045,0.79569,0.71094,0.8065,0.78225,0.79791,0.80298,0.80938,0.82874,0.82165,0.83194,0.82912,0.82676,0.77665,0.8228,0.81918,0.7949,0.80887,0.82629,0.80719,0.81087,0.78726
0.81008,0.81093,0.15833,0.83213,0.82885,0.80634,0.79857,0.8222,0.75135,0.8323,0.83035,0.83096,0.17431,0.82964,0.82809,0.8267,0.82769,0.83022,0.83136,0,0.8212,0.82831,0.81176,0.79416,0.82972,0.66096,0.83002,0.82618,0.82918,0.82893,0.82309,0.82562,0.82483,0.21135,0.29173,0.82917,0.8309,0.83049,0.81111,0.81827,0.83001,0.83132,0.83022,0.82746,0.7777,0.50158,0.83247,0.18928,0.11846,0.82355,0.39962,0.82788,0.82912,0.83103,0.83084,0.83048,0.82942,0.82989,0.81357,0.83042,0.82699,0.16941,0.083652,0.83197,0.83169,0.43248,0.82745,0.82972,0.11487,0.81799,0.82985,0.81396,0.82427,0.82975,0.12125,0.81728,0.82843,0.83249,0.82384,0.82999,0.82975,0.76772,0.82516,0.12598,0.34043,0.83255,0.83251,0.82933,0.82909,0.81777,0.8238,0.82098,0.66272,0.81857,0.82295,0.82693,0.18811,0.83057,0.81797,0.81529,0.1228,0.82953,0.82565,0.81617,0.81891,0.82834,0.82996,0.83128,0.79372,0.82951,0.81817,0.80327,0.051068,0.82797,0.81531,0.82545,0.82974,0.81021,0.82465,0.82593,0.82263,0.15023,0.21459,0.20066,0.24548,0.42783,0.82625,0.82427,0.82205,0.82077,0.088265,0.26548,0.831,0.83186,0.82106,0.82065,0.82588,0.80193,0.82931,0.82848,0.83089,0.82112,0.82983,0.82311,0.8248,0.82122,0.82703,0.34535,0.82288,0.78664,0.8207,0.83171,0.81941,0.20713,0.82227,0.8294,0.8256,0.82484,0.83248,0.83174,0.73958,0.054965,0.7705,0.14866,0.69874,0.31275,0.82019,0.81029,0.81289,0.81859,0.81186,0.80404,0.82371,0.80207,0.83204
0.75007,0.65563,0.81783,0.80163,0.78679,0.67717,0.74793,0.59351,0.80098,0.8271,0.79627,0.8082,0.82408,0.7863,0.71065,0.79913,0.78205,0.80184,0.8145,0.8212,0,0.79856,0.79352,0.71236,0.79631,0.76349,0.78954,0.81237,0.78899,0.80117,0.77995,0.78656,0.72838,0.80843,0.81017,0.80166,0.80829,0.81255,0.694,0.69401,0.7892,0.7752,0.71689,0.78958,0.76136,0.81497,0.82518,0.81055,0.81895,0.73725,0.80357,0.79919,0.72371,0.81789,0.79211,0.79987,0.7517,0.78452,0.71074,0.71435,0.79429,0.82174,0.82074,0.81076,0.80347,0.73912,0.70591,0.81131,0.8132,0.72266,0.73175,0.7128,0.76539,0.80181,0.8189,0.68741,0.75527,0.81591,0.69212,0.70367,0.76902,0.81054,0.7469,0.82574,0.79541,0.83255,0.81759,0.77775,0.78178,0.73443,0.74932,0.74456,0.77755,0.72275,0.71304,0.70534,0.80996,0.80488,0.68915,0.78589,0.81454,0.76902,0.71791,0.74944,0.69299,0.72153,0.71558,0.76607,0.73595,0.74267,0.62149,0.73553,0.82354,0.7736,0.69144,0.68536,0.80773,0.7591,0.78844,0.7785,0.78276,0.81257,0.80182,0.81291,0.82669,0.8098,0.77621,0.77089,0.72392,0.74833,0.81532,0.80913,0.81928,0.79962,0.72723,0.69552,0.74447,0.73247,0.79439,0.79334,0.72365,0.73292,0.70425,0.67741,0.79171,0.70281,0.74851,0.80166,0.79602,0.72553,0.69685,0.76264,0.72464,0.80762,0.64699,0.79519,0.73496,0.75576,0.80667,0.80396,0.77766,0.82336,0.73562,0.81591,0.76617,0.77588,0.72648,0.72799,0.71793,0.64535,0.68664,0.72885,0.73956,0.69301,0.81471
0.67448,0.76924,0.82908,0.76181,0.58151,0.78438,0.8055,0.75475,0.78602,0.30245,0.50531,0.5708,0.82337,0.68074,0.74853,0.70091,0.63983,0.66641,0.67854,0.82831,0.79856,0,0.54046,0.7996,0.70343,0.80072,0.52237,0.79324,0.64771,0.73007,0.60486,0.73908,0.71516,0.8115,0.82914,0.69894,0.66179,0.81066,0.7952,0.76165,0.60393,0.78711,0.73591,0.69629,0.81347,0.82561,0.30235,0.82701,0.81678,0.7092,0.82171,0.71381,0.75127,0.76219,0.6046,0.59656,0.71406,0.71056,0.77776,0.58177,0.62189,0.83047,0.82812,0.81423,0.78624,0.80059,0.79408,0.73472,0.82502,0.76631,0.74611,0.75394,0.76508,0.61516,0.82936,0.75794,0.77154,0.78648,0.75381,0.75908,0.59052,0.78162,0.79783,0.81884,0.81945,0.81623,0.79778,0.76344,0.6008,0.72877,0.7436,0.79697,0.62453,0.75438,0.73056,0.73821,0.82492,0.60534,0.76092,0.7294,0.82751,0.80422,0.70574,0.7484,0.79101,0.77277,0.78985,0.6973,0.80146,0.72683,0.77001,0.79192,0.82929,0.74291,0.73034,0.73538,0.7198,0.63044,0.63299,0.66168,0.74302,0.80809,0.817,0.82872,0.82351,0.81938,0.75041,0.8095,0.74188,0.79398,0.82221,0.8189,0.75391,0.8151,0.744,0.79404,0.74295,0.7792,0.59519,0.66123,0.77631,0.78886,0.75794,0.72181,0.78253,0.76304,0.74692,0.81883,0.7098,0.80232,0.7595,0.76006,0.76036,0.82469,0.75717,0.60864,0.76679,0.74536,0.76827,0.76874,0.7879,0.82581,0.80056,0.82891,0.8163,0.81859,0.72733,0.80844,0.79362,0.76094,0.77305,0.80423,0.77265,0.77928,0.76293
0.66251,0.75216,0.81258,0.75633,0.65889,0.76731,0.79871,0.74159,0.7678,0.60734,0.57395,0.6135,0.80812,0.68476,0.74323,0.70983,0.67961,0.72412,0.5244,0.81176,0.79352,0.54046,0,0.78864,0.70768,0.78831,0.63618,0.78324,0.6109,0.7406,0.6271,0.7257,0.70986,0.79422,0.81268,0.70642,0.70922,0.79564,0.79252,0.74921,0.6824,0.78878,0.71987,0.70479,0.80613,0.81282,0.6446,0.81147,0.79862,0.69068,0.80739,0.72129,0.74256,0.76993,0.68767,0.67111,0.70793,0.70488,0.76486,0.64207,0.65329,0.81381,0.81061,0.81566,0.78639,0.78271,0.77187,0.74862,0.80841,0.7447,0.73117,0.73722,0.73782,0.65983,0.81204,0.74058,0.75789,0.81002,0.74266,0.7327,0.6404,0.7619,0.77116,0.79457,0.80009,0.81924,0.81174,0.76283,0.67642,0.71231,0.72007,0.79215,0.60828,0.72912,0.73159,0.74055,0.80433,0.67936,0.73858,0.70553,0.81213,0.79958,0.7167,0.74495,0.77596,0.76245,0.77412,0.71315,0.79273,0.73919,0.7575,0.78288,0.81288,0.73839,0.71576,0.72962,0.71364,0.54415,0.65739,0.68551,0.73016,0.79454,0.79519,0.81241,0.80673,0.80455,0.74164,0.79401,0.71335,0.78057,0.80431,0.80268,0.73533,0.81858,0.7216,0.78351,0.73552,0.75643,0.67549,0.69096,0.77576,0.76729,0.75078,0.72818,0.75795,0.74111,0.72384,0.80254,0.71876,0.79218,0.75334,0.77806,0.73865,0.80979,0.74349,0.63509,0.754,0.70802,0.7665,0.75379,0.77216,0.80765,0.78555,0.81284,0.80645,0.80313,0.72433,0.8027,0.78286,0.74041,0.7529,0.79608,0.7516,0.76644,0.78156
0.73918,0.49969,0.76033,0.81257,0.80474,0.44887,0.35941,0.73718,0.78285,0.82439,0.79543,0.81232,0.79032,0.79114,0.77319,0.80393,0.80803,0.81426,0.82395,0.79416,0.71236,0.7996,0.78864,0,0.7909,0.7342,0.81374,0.79473,0.81065,0.81972,0.77108,0.77307,0.75876,0.76407,0.7181,0.80437,0.82187,0.82263,0.62205,0.69465,0.81062,0.82454,0.77306,0.80404,0.48692,0.77823,0.8287,0.74071,0.77929,0.69977,0.7209,0.80703,0.78872,0.82775,0.80396,0.81582,0.78749,0.75218,0.41832,0.79353,0.78825,0.77692,0.7866,0.82618,0.81719,0.7216,0.57055,0.76803,0.77708,0.63246,0.77678,0.52178,0.69743,0.81145,0.78591,0.61601,0.78553,0.83153,0.73245,0.78073,0.7724,0.78159,0.69028,0.80518,0.76949,0.83255,0.82635,0.7865,0.80729,0.71586,0.76953,0.65068,0.75832,0.62203,0.7589,0.76918,0.78054,0.81572,0.64661,0.76083,0.77963,0.77329,0.76884,0.49645,0.51767,0.75768,0.76555,0.81327,0.40033,0.80653,0.49189,0.43969,0.79869,0.79881,0.59303,0.75593,0.79636,0.73591,0.738,0.74694,0.7502,0.78092,0.7434,0.75029,0.80685,0.76673,0.75078,0.71092,0.68793,0.63194,0.78498,0.74194,0.826,0.81259,0.65394,0.57495,0.70452,0.54572,0.80905,0.79978,0.80323,0.64528,0.71977,0.7642,0.72615,0.61032,0.68226,0.74068,0.75272,0.32445,0.72627,0.77729,0.64298,0.77649,0.52842,0.79499,0.70726,0.70814,0.82791,0.7749,0.73955,0.79811,0.44773,0.76265,0.58536,0.6634,0.5304,0.42114,0.42474,0.57325,0.47711,0.40107,0.64575,0.24229,0.82108
0.55918,0.75147,0.82967,0.73595,0.59159,0.7621,0.80021,0.76272,0.77499,0.78343,0.68071,0.72233,0.80796,0.36294,0.76539,0.33915,0.38185,0.73174,0.76736,0.82972,0.79631,0.70343,0.70768,0.7909,0,0.79742,0.69853,0.76783,0.43179,0.6516,0.35747,0.60518,0.72012,0.8076,0.82782,0.27863,0.7301,0.81115,0.79232,0.75209,0.72111,0.66713,0.75028,0.33548,0.81131,0.82628,0.81141,0.82719,0.82122,0.63881,0.82155,0.34673,0.76856,0.42604,0.72921,0.66976,0.69495,0.66914,0.76965,0.73071,0.48808,0.8312,0.82897,0.81885,0.79077,0.79903,0.77538,0.70881,0.82256,0.74221,0.7655,0.72065,0.72504,0.76903,0.82973,0.74939,0.78338,0.82402,0.76371,0.75993,0.69487,0.73621,0.76049,0.82289,0.81689,0.63775,0.82516,0.73989,0.70854,0.58332,0.76053,0.7748,0.52154,0.72751,0.75883,0.76699,0.82639,0.68814,0.72832,0.61738,0.8274,0.80339,0.73992,0.73677,0.76861,0.77941,0.80655,0.7869,0.7807,0.7582,0.76144,0.77553,0.83043,0.74894,0.69839,0.75669,0.72196,0.51203,0.55455,0.67708,0.68842,0.80387,0.8124,0.83017,0.81605,0.81875,0.70786,0.78853,0.68997,0.77259,0.82359,0.81099,0.45651,0.80224,0.72545,0.77641,0.71824,0.75209,0.71259,0.57201,0.7992,0.7774,0.76298,0.75222,0.7297,0.74333,0.71138,0.81908,0.71417,0.79625,0.76215,0.7612,0.73536,0.82269,0.73923,0.68195,0.72077,0.67631,0.45076,0.74822,0.77146,0.82742,0.792,0.83021,0.81636,0.81839,0.72653,0.80338,0.77944,0.75228,0.74854,0.7939,0.73886,0.76927,0.78879
0.71444,0.69454,0.6786,0.81228,0.79017,0.71623,0.77123,0.72266,0.76284,0.81642,0.80152,0.80205,0.64514,0.77138,0.76384,0.8031,0.78465,0.81408,0.81224,0.66096,0.76349,0.80072,0.78831,0.7342,0.79742,0,0.79478,0.78365,0.79901,0.80353,0.7792,0.78735,0.74616,0.59592,0.69979,0.81288,0.79374,0.81372,0.72518,0.69938,0.79027,0.80372,0.76881,0.79863,0.77985,0.53577,0.82695,0.68276,0.68107,0.73935,0.59298,0.80569,0.7756,0.82537,0.77809,0.79764,0.76211,0.76789,0.74828,0.7661,0.79509,0.68085,0.67342,0.82047,0.80487,0.40699,0.74458,0.81561,0.66481,0.71416,0.77335,0.72282,0.76795,0.80887,0.65208,0.70627,0.77645,0.82924,0.71543,0.76698,0.77832,0.72768,0.77735,0.68719,0.56538,0.83255,0.82893,0.76625,0.7867,0.74789,0.75902,0.74623,0.71137,0.71547,0.73148,0.74896,0.59904,0.79403,0.72922,0.71641,0.64067,0.76705,0.74789,0.7795,0.7388,0.75141,0.76246,0.79896,0.76688,0.78728,0.71391,0.75711,0.67758,0.79648,0.69704,0.74814,0.81271,0.75793,0.75454,0.77908,0.76813,0.67108,0.62703,0.65256,0.65204,0.51172,0.7706,0.78095,0.73349,0.75021,0.65296,0.63228,0.81778,0.8044,0.73464,0.73893,0.71694,0.72926,0.79174,0.77539,0.78282,0.72651,0.75489,0.73489,0.77414,0.72371,0.75043,0.52259,0.79697,0.75263,0.7272,0.76509,0.71837,0.6352,0.71294,0.79071,0.75113,0.75768,0.81787,0.79917,0.45765,0.67328,0.74586,0.64729,0.75202,0.64747,0.74579,0.75651,0.75043,0.69838,0.69755,0.76964,0.76207,0.72839,0.80985
0.64341,0.7838,0.8317,0.77344,0.39955,0.80199,0.81875,0.6958,0.78505,0.57046,0.5202,0.68857,0.82611,0.64592,0.67312,0.70327,0.59502,0.64926,0.7039,0.83002,0.78954,0.52237,0.63618,0.81374,0.69853,0.79478,0,0.79605,0.64891,0.6835,0.58148,0.72025,0.69949,0.8147,0.83255,0.69229,0.39284,0.79409,0.81636,0.76125,0.38418,0.78928,0.66324,0.69274,0.82479,0.82813,0.65638,0.83072,0.82208,0.68491,0.8284,0.70953,0.67086,0.76347,0.3266,0.40302,0.65929,0.7213,0.78926,0.5354,0.62006,0.83255,0.82989,0.78527,0.74558,0.79039,0.80892,0.74058,0.8261,0.76855,0.66996,0.7758,0.78103,0.68134,0.82979,0.74709,0.72614,0.76603,0.693,0.71243,0.60406,0.78801,0.79043,0.82013,0.82468,0.80187,0.77965,0.74687,0.30635,0.72632,0.69342,0.79737,0.60135,0.76383,0.65035,0.64835,0.82191,0.29206,0.7618,0.72512,0.83057,0.809,0.62236,0.76766,0.8093,0.75399,0.74176,0.66987,0.81147,0.61423,0.75164,0.81012,0.83052,0.67827,0.72181,0.6524,0.74525,0.63405,0.59593,0.65705,0.74211,0.81194,0.82143,0.83148,0.8232,0.82436,0.75123,0.81992,0.74534,0.81479,0.82381,0.82486,0.75018,0.81495,0.73272,0.81268,0.73671,0.79569,0.24059,0.61511,0.69156,0.77412,0.68248,0.62943,0.79937,0.76418,0.74846,0.82501,0.72706,0.81706,0.76081,0.67896,0.76207,0.82896,0.75437,0.64082,0.77242,0.74742,0.7735,0.77789,0.79584,0.82733,0.81511,0.83085,0.82626,0.82778,0.72153,0.81207,0.80943,0.75179,0.78646,0.82056,0.78393,0.79232,0.7025
0.70205,0.75933,0.82759,0.50037,0.77632,0.76752,0.80244,0.76969,0.80203,0.8209,0.79658,0.80713,0.81742,0.77314,0.77928,0.77622,0.78935,0.80442,0.81002,0.82618,0.81237,0.79324,0.78324,0.79473,0.76783,0.78365,0.79605,0,0.77691,0.80815,0.74881,0.72146,0.76076,0.812,0.82743,0.78619,0.80113,0.81709,0.80703,0.76891,0.7849,0.80339,0.76599,0.7815,0.81084,0.82432,0.82619,0.82592,0.82385,0.69706,0.81707,0.78162,0.77849,0.81256,0.80405,0.77829,0.67993,0.62901,0.78076,0.78875,0.7673,0.82811,0.82728,0.81786,0.79896,0.79535,0.79207,0.80054,0.82369,0.72533,0.7741,0.73165,0.72759,0.80398,0.82607,0.73948,0.77819,0.83009,0.76239,0.75807,0.79032,0.78594,0.74209,0.8264,0.81019,0.82892,0.82819,0.62849,0.79349,0.74662,0.77372,0.79328,0.75852,0.63958,0.77383,0.78315,0.81652,0.7899,0.7589,0.65714,0.82698,0.79598,0.77094,0.79203,0.78029,0.7614,0.79276,0.79628,0.80793,0.78295,0.77239,0.77687,0.82803,0.78469,0.72027,0.76748,0.74992,0.75297,0.7377,0.77618,0.7326,0.82151,0.81177,0.82441,0.82436,0.81315,0.49046,0.79877,0.72843,0.78046,0.82035,0.81619,0.8077,0.59688,0.73359,0.78859,0.72268,0.75477,0.7905,0.78343,0.8015,0.76206,0.77339,0.76172,0.75193,0.74228,0.7196,0.81489,0.7882,0.7972,0.77947,0.82145,0.71497,0.81165,0.76705,0.78679,0.76415,0.71,0.81827,0.74669,0.76262,0.82635,0.79436,0.8269,0.81604,0.81897,0.7433,0.8022,0.78121,0.74787,0.74529,0.79826,0.764,0.77487,0.79635
0.5578,0.76844,0.83122,0.74182,0.5364,0.78658,0.8141,0.7425,0.76037,0.71906,0.63226,0.68458,0.8107,0.44304,0.73926,0.41709,0.4,0.7199,0.68948,0.82918,0.78899,0.64771,0.6109,0.81065,0.43179,0.79901,0.64891,0.77691,0,0.62867,0.37509,0.6688,0.71069,0.80472,0.82938,0.38591,0.71584,0.8109,0.80312,0.73795,0.68673,0.6833,0.72655,0.32865,0.82184,0.82725,0.75486,0.82912,0.82078,0.63753,0.8272,0.41554,0.74501,0.49954,0.70085,0.64028,0.68858,0.68572,0.77578,0.67766,0.49797,0.83255,0.82836,0.80201,0.77083,0.79179,0.78346,0.70978,0.82168,0.75146,0.74872,0.74833,0.74241,0.72056,0.82779,0.74725,0.77442,0.81816,0.74895,0.74802,0.63826,0.72612,0.78011,0.81636,0.81267,0.7887,0.82264,0.74268,0.67017,0.56734,0.74926,0.78665,0.48053,0.73427,0.73746,0.73308,0.82445,0.68383,0.75453,0.62566,0.82678,0.7927,0.69604,0.74472,0.79615,0.78313,0.78741,0.74952,0.78755,0.73157,0.76278,0.81194,0.82966,0.71313,0.6943,0.74344,0.70144,0.44305,0.54623,0.68379,0.67602,0.80732,0.81322,0.83081,0.81692,0.81977,0.73316,0.80551,0.70003,0.79448,0.82357,0.81537,0.44653,0.81389,0.72454,0.79963,0.69324,0.7702,0.68076,0.52474,0.77484,0.76151,0.7521,0.71907,0.74807,0.74863,0.71765,0.82235,0.72029,0.81316,0.73449,0.75034,0.74394,0.82684,0.73101,0.62812,0.7177,0.68668,0.45636,0.75852,0.77709,0.82557,0.80599,0.83053,0.8242,0.81847,0.7175,0.81633,0.79759,0.75255,0.7695,0.81288,0.76045,0.78474,0.78432
